15
16
22
29
30
46
55
56
99
106
121
136
140
144
153
168
175
185
194
202
216
217
235
237
251
252
253
262
264
288
292
302
303
304
319
320
361
366
404
412
419
473
514
519
527
528
541
546
598
626
630
641
658
659
705
716
718
719
720
758
763
773
780
817
821
837
841
868
872
891
900
901
920
966
967
1010
1018
1040
1048
1068
1077
1086
1094
1106
1108
1119
1130
1161
1192
1194
1197
1204
1222
1230
1233
1237
1241
1260
1261
1286
1311
1312
1313
1317
1333
1334
1335
1345
1357
1361
1371
1381
1538
1553
1570
1573
1575
1578
1595
1613
1622
1627
1664
1692
1737
1749
1754
1763
1766
1767
1772
1788
1808
1810
1811
1843
1849
1853
1860
1863
1910
1922
1930
1972
1974
1975
1977
1982
1996
2013
2027
2050
2088
2114
2129
2135
2150
2169
2206
2238
2244
2249
2275
2303
2325
2326
2330
2349
2352
2358
2366
2388
2394
2399
2400
2405
2410
2432
2435
2442
2455
2457
2465
2483
2496
2503
2518
2522
2532
2542
2544
2571
2587
2610
2615
2618
2635
2639
2672
2754
2762
2791
2811
2812
2849
2852
2855
2860
2861
2864
2866
2869
2871
2877
2883
2888
2923
2928
2946
2994
3019
3025
3029
3129
3147
3157
3175
3183
3203
3209
3214
3229
3247
3252
3268
3285
3299
3319
3358
3360
3376
3381
3387
3410
3424
3443
3464
3467
3484
3502
3510
3513
3518
3520
3523
3524
3574
3581
3592
3601
3606
3630
3633
3677
3687
3691
3707
3708
3723
3725
3764
3779
3785
3786
3798
3840
3867
3877
3904
3918
3926
3967
3974
4006
4026
4029
4035
4078
4083
4094
4120
4129
4140
4149
4178
4187
4209
4210
4211
4227
4229
4233
4262
4278
4282
4284
4286
4301
4333
4334
4348
4353
4381
4397
4445
4482
4484
4501
4505
4506
4523
4540
4558
4627
4641
4642
4682
4695
4704
4734
4736
4753
4772
4773
4779
4788
4791
4839
4857
4860
4873
4886
4897
4923
4926
4941
4964
5035
5042
5046
5094
5149
5153
5160
5161
5162
5171
5182
5184
5221
5248
5269
5292
5326
5334
5339
5375
5382
5384
5399
5402
5411
5421
5461
5463
5482
5499
5506
5541
5563
5583
5594
5595
5618
5631
5637
5654
5660
5694
5710
5741
5753
5761
5762
5770
5793
5799
5818
5835
5867
5873
5875
5934
5953
5958
5961
5978
5993
5996
5997
6005
6010
6026
6030
6038
6039
6060
6091
6141
6143
6208
6210
6215
6221
6230
6238
6241
6293
6296
6335
6366
6371
6410
6433
6458
6459
6469
6470
6473
6481
6499
6570
6596
6601
6608
6621
6627
6694
6723
6745
6801
6808
6828
6830
6847
6855
6887
6923
6941
6942
6954
6970
6991
6992
6993
6994
6997
7000
7006
7008
7011
7013
7020
7030
7037
7078
7079
7090
7097
7128
7156
7170
7194
7246
7253
7264
7303
7311
7314
7381
7394
7412
7415
7447
7501
7529
7530
7534
7551
7558
7559
7562
7571
7585
7708
7760
7763
7769
7772
7777
7788
7789
7830
7835
7845
7883
7954
7965
8018
8030
8031
8060
8068
8106
8115
8146
8197
8219
8284
8325
8337
8405
8409
8413
8440
8452
8472
8499
8544
8553
8604
8628
8630
8644
8661
8689
8709
8724
8741
8746
8779
8783
8785
8810
8827
8831
8842
8881
8885
8905
8909
8911
8912
8915
8942
8947
8989
9020
9026
9037
9039
9041
9053
9056
9080
9107
9108
9113
9146
9192
9208
9215
9224
9227
9238
9249
9255
9269
9301
9303
9314
9319
9352
9388
9390
9403
9411
9433
9459
9521
9579
9580
9587
9596
9618
9627
9681
9695
9716
9727
9753
9770
9796
9801
9809
9820
9847
9883
9933
9942
9955
9995
9997
9998
10046
10059
10064
10079
10091
10100
10103
10129
10132
10171
10176
10177
10197
10211
10233
10237
10240
10254
10257
10279
10317
10337
10343
10348
10404
10412
10441
10444
10455
10472
10519
10631
10638
10640
10783
10784
10785
10794
10795
10822
10883
10899
10909
10920
10986
10991
10993
10996
11086
11172
11264
11336
11363
11396
11422
11437
11443
11465
11474
11477
11491
11538
11540
11545
11565
11566
11606
11610
11612
11622
11645
11657
11660
11690
11695
11710
11716
11720
11819
11825
11829
11859
11910
11913
11928
11980
12002
12066
12147
12242
12279
12338
12358
12375
12406
12424
12449
12527
12540
12654
12681
12715
12716
12718
12728
12729
12730
13012
13069
13070
13071
13072
13079
13408
13579
13608
13618
13621
13625
13645
13660
13667
13673
13776
13784
13786
13793
13815
13817
13896
13900
13908
13933
13934
13936
13953
13961
13978
13984
13986
13987
13997
13999
14003
14014
14019
14061
14067
14088
14098
14133
14140
14175
14210
14232
14267
14285
14315
14350
14355
14369
14403
14424
14450
14468
14473
14479
14484
14493
14496
14506
14517
14526
14541
14582
14585
14587
14594
