33
34
52
83
89
98
103
141
146
147
170
176
179
196
201
240
254
260
266
269
330
345
353
358
397
425
450
453
467
495
539
556
594
602
612
613
629
660
669
672
674
682
703
709
714
722
723
724
785
809
825
835
864
876
904
915
924
925
931
942
956
963
978
1022
1038
1057
1083
1102
1103
1104
1111
1126
1132
1151
1154
1157
1193
1200
1203
1206
1208
1226
1239
1246
1265
1325
1347
1368
1510
1521
1530
1547
1549
1557
1568
1572
1579
1602
1616
1625
1634
1644
1653
1669
1671
1701
1713
1714
1731
1732
1735
1745
1751
1773
1782
1795
1814
1818
1822
1825
1836
1881
1887
1889
1892
1898
1960
1978
1991
2004
2009
2010
2018
2020
2026
2044
2065
2066
2071
2113
2117
2125
2132
2174
2178
2187
2188
2207
2240
2246
2248
2266
2271
2274
2277
2280
2283
2285
2301
2337
2380
2385
2423
2445
2446
2447
2450
2452
2454
2456
2466
2491
2527
2573
2577
2584
2608
2620
2624
2632
2634
2636
2652
2664
2665
2669
2697
2705
2707
2709
2716
2719
2722
2729
2747
2758
2774
2775
2782
2790
2795
2796
2797
2802
2807
2809
2810
2815
2818
2820
2823
2829
2830
2833
2876
2878
2896
2898
2900
2916
2920
2927
2934
2943
2945
2951
2957
2977
2979
2980
2989
3004
3034
3038
3045
3104
3113
3115
3116
3130
3138
3151
3159
3165
3167
3170
3173
3188
3192
3202
3233
3261
3324
3336
3339
3393
3400
3408
3411
3468
3480
3514
3519
3521
3546
3627
3647
3672
3693
3713
3724
3755
3777
3795
3808
3811
3828
3858
3887
3907
3936
3946
3994
4002
4062
4108
4145
4185
4186
4217
4246
4265
4266
4293
4300
4342
4345
4347
4364
4386
4394
4410
4419
4428
4434
4436
4439
4472
4487
4541
4546
4547
4553
4559
4605
4648
4654
4691
4706
4723
4729
4732
4735
4754
4785
4804
4805
4806
4809
4831
4834
4843
4854
4855
4856
4858
4868
4869
4878
4887
4894
4957
4975
4982
5008
5096
5141
5145
5199
5206
5239
5262
5271
5273
5281
5295
5338
5361
5371
5387
5389
5391
5393
5409
5446
5467
5476
5477
5487
5498
5521
5540
5551
5572
5601
5607
5642
5646
5653
5666
5693
5695
5701
5712
5717
5749
5752
5755
5756
5757
5758
5786
5796
5808
5810
5825
5840
5847
5853
5854
5862
5872
5887
5889
5901
5928
5942
5990
5991
6029
6042
6082
6119
6134
6205
6206
6252
6262
6283
6308
6309
6346
6347
6350
6396
6441
6448
6450
6457
6464
6466
6480
6493
6495
6506
6528
6542
6544
6551
6574
6611
6632
6638
6639
6643
6644
6672
6677
6711
6722
6740
6753
6809
6814
6815
6816
6864
6869
6891
6904
6906
6909
6946
6947
6948
6976
6980
6990
7031
7046
7047
7051
7056
7061
7074
7092
7098
7106
7125
7127
7129
7165
7230
7234
7256
7260
7265
7267
7281
7338
7379
7416
7419
7433
7470
7492
7494
7510
7614
7618
7639
7647
7651
7656
7670
7672
7705
7707
7709
7718
7751
7765
7775
7790
7808
7822
7836
7888
7901
7978
8014
8019
8043
8056
8058
8092
8101
8121
8145
8163
8165
8192
8221
8232
8273
8278
8285
8318
8340
8352
8353
8368
8382
8453
8457
8458
8459
8470
8471
8549
8611
8676
8683
8688
8716
8723
8749
8757
8767
8786
8798
8800
8811
8839
8845
8858
8908
8920
8932
8957
8969
9068
9088
9109
9110
9174
9188
9191
9212
9240
9257
9259
9270
9280
9287
9336
9341
9357
9379
9438
9444
9447
9464
9474
9482
9522
9540
9541
9566
9598
9623
9631
9633
9642
9651
9652
9692
9698
9708
9711
9733
9748
9760
9761
9767
9772
9788
9789
9791
9797
9831
9832
9842
9874
9875
9907
9908
9911
9929
9943
9954
9977
9978
10015
10049
10072
10075
10092
10111
10144
10145
10164
10165
10168
10224
10243
10270
10285
10288
10289
10291
10295
10296
10305
10318
10341
10349
10391
10415
10421
10464
10477
10525
10528
10531
10538
10543
10600
10632
10659
10664
10737
10739
10742
10746
10749
10778
10787
10819
10826
10884
10885
10911
10924
10933
10982
10984
11003
11007
11015
11073
11092
11094
11111
11122
11124
11153
11154
11218
11221
11256
11258
11371
11390
11415
11425
11456
11546
11551
11596
11641
11699
11706
11727
11796
11884
11898
11937
11979
11993
12046
12084
12086
12136
12138
12145
12181
12196
12200
12281
12285
12341
12381
12388
12397
12418
12444
12522
12533
12534
12647
12688
12937
12940
12996
12997
13018
13035
13043
13076
13078
13368
13386
13395
13560
13584
13597
13600
13620
13650
13654
13656
13664
13694
13781
13787
13792
13796
13799
13810
13848
13858
13859
13871
13876
13877
13920
13926
13928
13943
13980
13981
13998
14001
14006
14007
14020
14038
14069
14078
14115
14116
14146
14161
14178
14271
14316
14319
14349
14352
14404
14406
14417
14422
14427
14436
14438
14443
14461
14482
14497
14542
14572
14573
14574
14577
14579
14580
14584
14589
